10000 10000
8 8
9980 9998
9 9 10000 9
9 11 9999 11
9 13 10000 13
9 15 9999 15
9 17 10000 17
9 19 9999 19
9 21 10000 21
9 23 9999 23
9 25 10000 25
9 27 9999 27
9 29 10000 29
9 31 9999 31
9 33 10000 33
9 35 9999 35
9 37 10000 37
9 39 9999 39
9 41 10000 41
9 43 9999 43
9 45 10000 45
9 47 9999 47
9 49 10000 49
9 51 9999 51
9 53 10000 53
9 55 9999 55
9 57 10000 57
9 59 9999 59
9 61 10000 61
9 63 9999 63
9 65 10000 65
9 67 9999 67
9 69 10000 69
9 71 9999 71
9 73 10000 73
9 75 9999 75
9 77 10000 77
9 79 9999 79
10 80 10 10000
240 601 240 800

245 700 245 999

0 150 550 150

550 500 550 151

100 401 100 599

760 700 999 700

155 700 155 999

195 700 195 999

200 601 200 800

185 700 185 999

190 601 190 800

205 700 205 999

210 601 210 800

100 400 300 400

215 700 215 999

220 601 220 800

225 700 225 999

230 601 230 800

235 700 235 999

250 601 250 800

255 700 255 999

260 601 260 800

265 700 265 999

270 601 270 800

170 601 170 800

175 700 175 999

160 601 160 800

165 700 165 999

275 700 275 999

300 601 300 800

325 700 325 999

350 601 350 800

760 701 760 920

150 601 150 800

375 700 375 999

400 700 400 999

100 600 999 600

800 120 800 590

180 601 180 800

450 620 450 999