20000 20000
2 13
19958 19948
13001 19997 13005 1
10117 7221 10121 7225
316 11028 320 11032
2873 6029 2877 6033
3250 2545 3254 2549
15547 8988 15551 8992
10254 8964 10258 8968
16460 11559 16464 11563
2351 3070 2355 3074
1163 17480 1167 17484
344 11270 348 11274
16977 18592 16981 18596
10098 7373 10102 7377
5081 17326 5085 17330
9139 7076 9143 7080
1828 14977 1832 14981
12129 364 12133 368
12187 2251 12191 2255
12018 4013 12022 4017
11479 10934 11483 10938
18294 11404 18298 11408
19806 9147 19810 9151
18935 8599 18939 8603
10446 7953 10450 7957
13823 7587 13827 7591
5535 1795 5539 1799
17755 10264 17759 10268
13060 1158 13064 1162
5887 16202 5891 16206
2803 11433 2807 11437
16362 18860 16366 18864
7109 7021 7113 7025
15723 11744 15727 11748
7968 15895 7972 15899
6948 4562 6952 4566
3955 8387 3959 8391
622 12102 626 12106
1921 10075 1925 10079
16318 14191 16322 14195
1441 5289 1445 5293
12550 11618 12554 11622
14757 11562 14761 11566
12831 19305 12835 19309
9435 7715 9439 7719
645 380 649 384
10033 6520 10037 6524
10435 6253 10439 6257
924 11226 928 11230
11249 7171 11253 7175
6553 10753 6557 10757
18267 1386 18271 1390
213 17915 217 17919
1988 10345 1992 10349
1899 3780 1903 3784
5643 18676 5647 18680
13293 3606 13297 3610
11693 5570 11697 5574
2405 10850 2409 10854
5387 10978 5391 10982
14844 9152 14848 9156
973 4906 977 4910
3802 14148 3806 14152
4870 5840 4874 5844
17871 19217 17875 19221
15866 8892 15870 8896
14929 6834 14933 6838
6910 12637 6914 12641
1671 8999 1675 9003
18304 12124 18308 12128
12102 14141 12106 14145
16231 7822 16235 7826
4122 7809 4126 7813
6875 3533 6879 3537
8871 10070 8875 10074
10247 12393 10251 12397
5072 4613 5076 4617
4862 155 4866 159
11800 10516 11804 10520
19260 5339 19264 5343
6823 5338 6827 5342
10895 10067 10899 10071
5199 3250 5203 3254
7126 12691 7130 12695
5711 10446 5715 10450
9640 8806 9644 8810
11704 9678 11708 9682
5176 5765 5180 5769
783 19986 787 19990
10648 8810 10652 8814
5202 8108 5206 8112
1084 1800 1088 1804
4639 1497 4643 1501
0 9561 4 9565
15761 3697 15765 3701
13740 12536 13744 12540
12619 3260 12623 3264
7351 4144 7355 4148
14586 7592 14590 7596
6474 5364 6478 5368
5687 1017 5691 1021
